$ 1 0.000005 382.76258214399064 50 5 50 5e-11
L -96 576 -160 576 0 0 true 5 0
R 416 48 416 -16 0 0 40 10 0 0 0.5
207 -96 576 -96 528 5 gate
c -96 576 16 576 0 0.000001 0.03288261750226781 0.001 0
r 16 576 16 640 0 10000
g 16 640 16 656 0 0
d 16 576 160 576 2 1N4148
a 272 592 368 592 9 5 0 1000000 1.598639455782313 -0.000210879543644188 100000
w 272 608 272 704 0
w 272 704 224 704 0
r 224 624 224 704 0 100000
R 224 624 224 608 0 0 40 5 0 0 0.5
r 224 704 224 784 0 47000
g 224 784 224 800 0 0
207 368 592 416 592 5 trig
403 336 640 512 736 0 2_64_0_4099_0.00030517578125_0.00009765625_-1_2_14_0
174 416 48 544 16 1 1000000 0.005 Attack
c 704 672 704 752 0 0.0000047 0.14731940057481382 0.001 0.1
g 704 752 704 768 0 0
a 816 656 896 656 8 12 -12 1000000 0.1473146921461458 0.14731616529306724 100000
w 816 672 704 672 0
w 816 640 816 608 0
w 816 608 896 608 0
w 896 608 896 656 0
w 480 16 544 16 0
w 544 16 544 48 0
w 704 672 704 496 0
153 1440 336 1568 336 0 2 5 5
153 1440 480 1568 480 0 2 0 5
w 1440 352 1440 384 0
w 1440 384 1568 448 0
w 1568 448 1568 480 0
w 1568 336 1568 368 0
w 1440 432 1440 464 0
w 1440 432 1568 368 0
x 1473 528 1523 531 4 12 SR\sLatch
x 1365 311 1373 314 4 12 S
x 1382 483 1391 486 4 12 R
x 1608 472 1617 475 4 12 Q
207 1440 320 1344 320 5 trig
160 704 272 704 208 2 20 10000000000 2.5
w 1632 480 1632 240 0
w 688 240 1264 240 0
w 704 272 704 464 0
O 896 656 960 656 0 0
x 464 72 496 75 4 12 Attack
w 608 48 672 48 0
160 816 48 896 48 2 20 10000000000 2.5
w 816 48 720 48 0
w 1168 128 1232 128 0
x 1024 152 1071 155 4 12 Release
w 1104 96 1104 128 0
w 1040 96 1104 96 0
174 976 128 1088 96 1 1000000 0.005 Release
w 896 64 896 128 0
w 896 128 976 128 0
g 1232 128 1232 160 0 0
w 1168 32 1232 32 0
x 1024 56 1058 59 4 12 Decay
w 1104 0 1104 32 0
w 1040 0 1104 0 0
174 976 32 1088 0 1 1000000 0.005 Decay
w 976 32 896 32 0
a 1328 32 1232 32 8 15 -15 1000000 1.6584834151658492 1.6585000000000008 100000
w 1232 32 1232 -16 0
w 1232 -16 1328 -16 0
w 1328 -16 1328 16 0
w 1328 48 1392 48 0
174 1408 112 1392 0 1 100000 0.33170000000000005 Sustain
g 1408 112 1408 128 0 0
R 1408 -16 1408 -48 0 0 40 5 0 0 0.5
368 1232 -16 1232 -48 0 0
w 1376 496 1440 496 0
w 704 464 704 496 0
g 1232 688 1232 704 0 0
r 1232 608 1232 688 0 47000
R 1232 528 1232 512 0 0 40 5 0 0 0.5
r 1232 528 1232 608 0 100000
w 1280 608 1232 608 0
w 1280 512 1280 608 0
a 1280 496 1376 496 9 5 0 1000000 1.598639455782313 0.0004309078314469911 100000
d 1008 480 1152 480 2 1N4148
g 1008 544 1008 560 0 0
r 1008 480 1008 544 0 10000
c 896 480 1008 480 0 0.000001 -0.00030718224652851914 0.001 0
160 688 208 688 144 2 20 10000000000 2.5
207 672 176 624 176 5 gate
w 720 208 720 144 0
w 704 144 720 144 0
w 720 144 720 48 0
w 672 48 672 144 0
w 1264 240 1632 240 0
w 1632 480 1568 480 0
207 848 32 848 -16 5 gate
r 544 48 608 48 0 100
r 1104 32 1168 32 0 100
r 1104 128 1168 128 0 100
x 386 257 623 260 4 24 Pots\sLog\s(audio)\staper
207 1632 480 1632 528 5 Q
w 896 656 896 832 0
207 -16 688 -64 688 5 gate
207 -16 720 -64 720 5 Q
M -16 688 16 688 0 2.5
M -16 720 16 720 0 2.5
a 1040 928 1136 928 9 5 0 1000000 0.10763209393346379 0.1473146921461458 100000
w 896 832 896 912 0
w 1008 912 1040 912 0
207 1136 928 1184 928 5 ON
207 -16 752 -64 752 5 ON
M -16 752 16 752 0 2.5
M -16 784 16 784 0 2.5
207 -16 784 -64 784 5 >SUS
207 1136 1184 1184 1184 5 >SUS
w 896 912 896 1056 0
w 896 912 1008 912 0
w 896 1168 1008 1168 0
w 1008 1168 1040 1168 0
a 1040 1184 1136 1184 9 5 0 1000000 1.6634633206574057 0.1473146921461458 100000
207 1328 -16 1328 -64 5 SUS
207 944 1200 880 1200 5 SUS
w 896 1056 896 1168 0
r 944 1200 1040 1200 0 1000
r 1040 1248 960 1248 0 670000
R 960 1248 944 1248 0 0 40 5 0 0 0.5
w 1040 1248 1040 1200 0
207 -240 1088 -272 1088 5 gate
153 -240 1104 -128 1104 0 2 5 5
153 -32 1088 80 1088 0 2 0 5
w -128 1104 -96 1104 0
152 -32 1168 80 1168 0 2 5 5
w -96 1104 -96 1184 0
w -96 1104 -32 1104 0
207 -32 1072 -64 1072 5 Q
g -240 1120 -240 1136 0 0
150 128 960 240 960 0 2 0 5
207 128 944 96 944 5 gate
207 128 976 96 976 5 Q
150 128 1280 240 1280 0 2 5 5
w -96 1184 -32 1184 0
w -96 1184 -96 1264 0
w -96 1264 128 1264 0
207 128 1296 96 1296 5 ON
207 -32 1152 -64 1152 5 Q
150 128 1072 240 1072 0 2 0 5
w 128 1088 80 1088 0
207 128 1056 96 1056 5 >SUS
153 128 1184 240 1184 0 2 0 5
w 80 1168 128 1168 0
207 128 1200 96 1200 5 >SUS
162 336 960 400 960 2 default-led 1 0.5 0 0.02
g 400 960 432 960 0 0
r 240 960 336 960 0 390
g 400 1072 432 1072 0 0
g 400 1184 432 1184 0 0
g 400 1280 432 1280 0 0
x 952 878 1365 881 4 24 Must\shave\svery\slow\sinput\soffset\svoltage
r 240 1072 336 1072 0 390
r 240 1184 336 1184 0 390
r 240 1280 336 1280 0 390
162 336 1072 400 1072 2 default-led 1 0.5 0 0.02
162 336 1184 400 1184 2 default-led 1 0.5 0 0.02
162 336 1280 400 1280 2 default-led 1 0.5 0 0.02
r 1152 480 1152 608 0 100000
g 1152 608 1152 640 0 0
g 160 704 160 736 0 0
r 160 576 160 704 0 100000
w 160 576 272 576 0
w 896 480 896 544 0
w 816 496 816 544 0
r 896 544 816 544 0 30000
r 816 496 704 496 0 10000
a 816 480 896 480 8 6 0 1000000 3.7593984962406015 0.11039589965488585 100000
d 1152 480 1152 400 2 1N4148
R 1152 400 1152 384 0 0 40 5 0 0 0.5
r 1152 480 1280 480 0 1000
r 752 384 752 432 0 100000
r 752 320 752 384 0 33000
g 752 432 752 448 0 0
R 752 320 752 304 0 0 40 5 0 0 0.5
w 752 384 800 384 0
w 800 384 800 464 0
w 800 464 816 464 0
368 800 384 832 384 0 0
x 890 417 931 420 4 12 VL\s\q\s3V
x 1658 417 1699 420 4 12 VL\s\q\s3V
x 1722 417 1763 420 4 12 VL\s\q\s3V
x 1786 417 1827 420 4 12 VL\s\q\s3V
x 890 433 933 436 4 12 VH\s\q\s5V
x 890 393 942 396 4 12 Vs\s\q\s0-6V
R 960 960 960 944 0 0 40 5 0 0 0.5
r 960 960 960 1024 0 100000
r 960 1024 960 1072 0 2200
g 960 1072 960 1088 0 0
w 960 1024 1008 1024 0
w 1008 1024 1008 944 0
w 1008 944 1040 944 0
368 1008 1024 1056 1024 0 0
o 44 256 0 4098 10 0.1 0 1
