$ 1 0.000005 382.76258214399064 50 5 50 5e-11
L -256 64 -320 64 0 0 true 5 0
R 416 48 416 -16 0 0 40 12 0 0 0.5
207 -256 64 -256 16 5 gate
c -256 64 -144 64 0 1.0000000000000001e-7 0.005965428380593 0.001 0
r -144 64 -144 128 0 100000
g -144 128 -144 144 0 0
d -144 64 0 64 2 default
a 0 80 96 80 9 5 0 1000000 2.5 -0.005965428380593396 100000
w 0 96 0 192 0
w 0 192 -48 192 0
r -48 112 -48 192 0 100000
R -48 112 -48 96 0 0 40 5 0 0 0.5
r -48 192 -48 272 0 100000
g -48 272 -48 288 0 0
207 96 80 144 80 5 trig
403 64 128 240 224 0 2_64_0_4099_0.0048828125_0.00009765625_-1_2_14_0
174 416 48 544 16 1 1000000 0.005 Attack
c 704 672 704 752 0 0.0000047 0.29395055671807246 0.001 0.1
g 704 752 704 768 0 0
a 816 656 896 656 8 12 -12 1000000 0.29394189851627756 0.2939448379352627 100000
w 816 672 704 672 0
w 816 640 816 608 0
w 816 608 896 608 0
w 896 608 896 656 0
w 480 16 544 16 0
w 544 16 544 48 0
w 704 672 704 496 0
a 816 480 896 480 8 5 0 1000000 5 0.2939448379352627 100000
w 816 496 704 496 0
R 816 464 784 464 0 0 40 5 0 0 0.5
153 1312 336 1440 336 0 2 5 5
153 1312 480 1440 480 0 2 0 5
w 1312 352 1312 384 0
w 1312 384 1440 448 0
w 1440 448 1440 480 0
w 1440 336 1440 368 0
w 1312 432 1312 464 0
w 1312 432 1440 368 0
x 1345 528 1395 531 4 12 SR\sLatch
x 1237 311 1245 314 4 12 S
x 1254 483 1263 486 4 12 R
x 1480 472 1489 475 4 12 Q
207 1312 320 1216 320 5 trig
160 704 272 704 208 2 20 10000000000 2.5
w 1504 480 1504 240 0
w 688 240 1264 240 0
w 704 272 704 464 0
O 896 656 960 656 0 0
x 464 72 496 75 4 12 Attack
w 608 48 672 48 0
160 816 48 896 48 2 20 10000000000 2.5
w 816 48 720 48 0
w 1168 128 1232 128 0
x 1024 152 1071 155 4 12 Release
w 1104 96 1104 128 0
w 1040 96 1104 96 0
174 976 128 1088 96 1 1000000 0.005 Release
w 896 64 896 128 0
w 896 128 976 128 0
g 1232 128 1232 160 0 0
w 1168 32 1232 32 0
x 1024 56 1058 59 4 12 Decay
w 1104 0 1104 32 0
w 1040 0 1104 0 0
174 976 32 1088 0 1 1000000 0.0149 Decay
w 976 32 896 32 0
a 1328 32 1232 32 8 15 -15 1000000 1.6584834151658492 1.6585000000000008 100000
w 1232 32 1232 -16 0
w 1232 -16 1328 -16 0
w 1328 -16 1328 16 0
w 1328 48 1392 48 0
174 1408 112 1392 0 1 100000 0.33170000000000005 Sustain
g 1408 112 1408 128 0 0
R 1408 -16 1408 -48 0 0 40 5 0 0 0.5
368 1232 -16 1232 -48 0 0
w 1248 496 1312 496 0
w 704 464 704 496 0
g 1104 688 1104 704 0 0
r 1104 608 1104 688 0 100000
R 1104 528 1104 512 0 0 40 5 0 0 0.5
r 1104 528 1104 608 0 100000
w 1152 608 1104 608 0
w 1152 512 1152 608 0
a 1152 496 1248 496 9 5 0 1000000 2.5 -0.000037060965689266516 100000
d 1008 480 1152 480 2 default
g 1008 544 1008 560 0 0
r 1008 480 1008 544 0 100000
c 896 480 1008 480 0 1.0000000000000001e-7 -0.0004335420505172049 0.001 0
160 688 208 688 144 2 20 10000000000 2.5
207 672 176 624 176 5 gate
w 720 208 720 144 0
w 704 144 720 144 0
w 720 144 720 48 0
w 672 48 672 144 0
w 1264 240 1504 240 0
w 1504 480 1440 480 0
207 848 32 848 -16 5 gate
r 544 48 608 48 0 100
r 1104 32 1168 32 0 100
r 1104 128 1168 128 0 100
x 386 257 623 260 4 24 Pots\sLog\s(audio)\staper
o 47 256 0 4098 10 0.1 0 1
