$ 1 0.000005 382.76258214399064 50 5 50 5e-11
L 16 576 -48 576 0 0 true 5 0
R 416 48 416 -16 0 0 40 12 0 0 0.5
207 16 576 16 528 5 gate
c 16 576 128 576 0 1.0000000000000001e-7 9.488619767080182e-56 0.001 0
r 128 576 128 640 0 10000
g 128 640 128 656 0 0
d 128 576 272 576 2 default
a 272 592 368 592 9 5 0 1000000 2.5 0 100000
w 272 608 272 704 0
w 272 704 224 704 0
r 224 624 224 704 0 100000
R 224 624 224 608 0 0 40 5 0 0 0.5
r 224 704 224 784 0 100000
g 224 784 224 800 0 0
207 368 592 416 592 5 trig
403 336 640 512 736 0 2_64_0_4099_0.0006103515625_0.00009765625_-1_2_14_0
174 416 48 544 16 1 1000000 0.0149 Attack
c 704 672 704 752 0 0.0000047 0.0232452396695918 0.001 0.1
g 704 752 704 768 0 0
a 816 656 896 656 8 12 -12 1000000 0.02324455674269831 0.023244789188265735 100000
w 816 672 704 672 0
w 816 640 816 608 0
w 816 608 896 608 0
w 896 608 896 656 0
w 480 16 544 16 0
w 544 16 544 48 0
w 704 672 704 496 0
a 816 480 896 480 8 5 0 1000000 5 0.023244789188265735 100000
w 816 496 704 496 0
R 816 464 784 464 0 0 40 5 0 0 0.5
153 1312 336 1440 336 0 2 0 5
153 1312 480 1440 480 0 2 5 5
w 1312 352 1312 384 0
w 1312 384 1440 448 0
w 1440 448 1440 480 0
w 1440 336 1440 368 0
w 1312 432 1312 464 0
w 1312 432 1440 368 0
x 1345 528 1395 531 4 12 SR\sLatch
x 1237 311 1245 314 4 12 S
x 1254 483 1263 486 4 12 R
x 1480 472 1489 475 4 12 Q
207 1312 320 1216 320 5 trig
160 704 272 704 208 2 20 10000000000 2.5
w 1504 480 1504 240 0
w 688 240 1264 240 0
w 704 272 704 464 0
O 896 656 960 656 0 0
x 464 72 496 75 4 12 Attack
w 608 48 672 48 0
160 816 48 896 48 2 20 10000000000 2.5
w 816 48 720 48 0
w 1168 128 1232 128 0
x 1024 152 1071 155 4 12 Release
w 1104 96 1104 128 0
w 1040 96 1104 96 0
174 976 128 1088 96 1 1000000 0.005 Release
w 896 64 896 128 0
w 896 128 976 128 0
g 1232 128 1232 160 0 0
w 1168 32 1232 32 0
x 1024 56 1058 59 4 12 Decay
w 1104 0 1104 32 0
w 1040 0 1104 0 0
174 976 32 1088 0 1 1000000 0.005 Decay
w 976 32 896 32 0
a 1328 32 1232 32 8 15 -15 1000000 1.6584834151658492 1.6585000000000008 100000
w 1232 32 1232 -16 0
w 1232 -16 1328 -16 0
w 1328 -16 1328 16 0
w 1328 48 1392 48 0
174 1408 112 1392 0 1 100000 0.33170000000000005 Sustain
g 1408 112 1408 128 0 0
R 1408 -16 1408 -48 0 0 40 5 0 0 0.5
368 1232 -16 1232 -48 0 0
w 1248 496 1312 496 0
w 704 464 704 496 0
g 1104 688 1104 704 0 0
r 1104 608 1104 688 0 100000
R 1104 528 1104 512 0 0 40 5 0 0 0.5
r 1104 528 1104 608 0 100000
w 1152 608 1104 608 0
w 1152 512 1152 608 0
a 1152 496 1248 496 9 5 0 1000000 2.5 -9.996717964199887e-8 100000
d 1008 480 1152 480 2 default
g 1008 544 1008 560 0 0
r 1008 480 1008 544 0 10000
c 896 480 1008 480 0 1.0000000000000001e-7 -0.0004975730539015303 0.001 0
160 688 208 688 144 2 20 10000000000 2.5
207 672 176 624 176 5 gate
w 720 208 720 144 0
w 704 144 720 144 0
w 720 144 720 48 0
w 672 48 672 144 0
w 1264 240 1504 240 0
w 1504 480 1440 480 0
207 848 32 848 -16 5 gate
r 544 48 608 48 0 100
r 1104 32 1168 32 0 100
r 1104 128 1168 128 0 100
x 386 257 623 260 4 24 Pots\sLog\s(audio)\staper
207 1504 480 1504 528 5 Q
w 896 656 896 832 0
207 -16 688 -64 688 5 gate
207 -16 720 -64 720 5 Q
M -16 688 16 688 0 2.5
M -16 720 16 720 0 2.5
a 1040 1072 1136 1072 9 5 0 1000000 0.01 0.02324455674269831 100000
w 896 832 896 992 0
w 1008 1056 1040 1056 0
R 1040 1088 992 1088 0 0 40 0.01 0 0 0.5
207 1136 1072 1184 1072 5 ON
207 -16 752 -64 752 5 ON
M -16 752 16 752 0 2.5
M -16 784 16 784 0 2.5
207 -16 784 -64 784 5 >SUS
207 1136 1184 1184 1184 5 >SUS
w 896 992 896 1056 0
w 896 1056 1008 1056 0
w 896 1168 1008 1168 0
w 1008 1168 1040 1168 0
a 1040 1184 1136 1184 9 5 0 1000000 1.6634633206574057 0.02324455674269831 100000
207 1328 -16 1328 -64 5 SUS
207 944 1200 880 1200 5 SUS
w 896 1056 896 1168 0
r 944 1200 1040 1200 0 1000
r 1040 1248 960 1248 0 670000
R 960 1248 944 1248 0 0 40 5 0 0 0.5
w 1040 1248 1040 1200 0
207 -240 1088 -272 1088 5 gate
153 -240 1104 -128 1104 0 2 5 5
153 -32 1088 80 1088 0 2 0 5
w -128 1104 -96 1104 0
152 -32 1168 80 1168 0 2 5 5
w -96 1104 -96 1184 0
w -96 1104 -32 1104 0
207 -32 1072 -64 1072 5 Q
g -240 1120 -240 1136 0 0
150 128 960 240 960 0 2 0 5
207 128 944 96 944 5 gate
207 128 976 96 976 5 Q
150 128 1280 240 1280 0 2 5 5
w -96 1184 -32 1184 0
w -96 1184 -96 1264 0
w -96 1264 128 1264 0
207 128 1296 96 1296 5 ON
207 -32 1152 -64 1152 5 Q
150 128 1072 240 1072 0 2 0 5
w 128 1088 80 1088 0
207 128 1056 96 1056 5 >SUS
153 128 1184 240 1184 0 2 0 5
w 80 1168 128 1168 0
207 128 1200 96 1200 5 >SUS
162 336 960 400 960 2 default-led 1 0.5 0 0.02
g 400 960 432 960 0 0
r 240 960 336 960 0 390
g 400 1072 432 1072 0 0
g 400 1184 432 1184 0 0
g 400 1280 432 1280 0 0
x 974 1021 1387 1024 4 24 Must\shave\svery\slow\sinput\soffset\svoltage
r 240 1072 336 1072 0 390
r 240 1184 336 1184 0 390
r 240 1280 336 1280 0 390
162 336 1072 400 1072 2 default-led 1 0.5 0 0.02
162 336 1184 400 1184 2 default-led 1 0.5 0 0.02
162 336 1280 400 1280 2 default-led 1 0.5 0 0.02
o 47 256 0 4098 10 0.1 0 1
