$ 1 0.000005 10.20027730826997 50 5 50 5e-11
r 240 240 240 320 0 10000
a 352 256 464 256 8 12 -12 1000000 4.750438007135756 4.750483021580683 100000
r 240 320 240 400 0 10000
r 240 240 352 240 0 10000
r 352 176 464 176 0 10000
w 352 176 352 240 0
w 464 176 464 256 0
w 352 272 352 320 0
w 352 320 240 320 0
174 176 400 240 240 1 100000 0.9950000000000001 Gain
w 176 400 240 400 0
g 176 400 176 416 0 0
w 176 240 240 240 0
R 176 240 112 240 0 1 40 5 0 0 0.5
207 464 176 464 128 5 ch1
w 528 256 464 256 0
a 832 432 944 432 8 12 -12 1000000 1.53953194752793 1.539578133486356 100000
r 832 352 944 352 0 12000
a 832 80 944 80 9 12 -12 1000000 1.4602950949197167 1.4603389037725645 100000
r 832 160 944 160 0 12000
w 832 96 832 160 0
w 944 80 944 160 0
w 832 352 832 416 0
w 944 352 944 432 0
r 832 160 832 256 0 6000
r 832 256 832 352 0 6000
174 688 160 832 336 1 10000 0.48020000000000007 Pan
r 688 64 784 64 0 12000
r 688 112 784 112 0 6000
w 688 64 688 112 0
w 688 112 688 160 0
w 784 112 784 64 0
w 784 64 832 64 0
r 688 400 784 400 0 6000
r 688 448 784 448 0 12000
w 784 400 784 448 0
w 688 400 688 448 0
w 784 448 832 448 0
w 688 400 688 352 0
g 832 256 880 256 0 0
w 608 64 608 256 0
w 608 256 608 448 0
w 608 256 528 256 0
r 608 64 688 64 0 10000
r 608 448 688 448 0 10000
w 944 80 1104 80 0
r 1104 80 1184 80 0 10000
r 1104 128 1184 128 0 10000
r 1104 176 1184 176 0 10000
w 1184 80 1184 128 0
w 1184 128 1184 176 0
R 1104 128 1072 128 0 0 40 0 0 0 0.5
R 1104 176 1072 176 0 0 40 0 0 0 0.5
a 1232 160 1344 160 8 12 -12 1000000 1.4602804921147956 1.4602950949197167 100000
w 1232 176 1184 176 0
r 1232 96 1344 96 0 10000
w 1344 96 1344 160 0
w 1232 96 1232 144 0
x 1157 43 1329 46 4 24 LEFT\sSUMMER
x 209 105 400 108 4 24 ATTENUVERTER
x 685 26 783 29 4 24 PANNER
x 1157 395 1345 398 4 24 RIGHT\sSUMMER
w 1232 448 1232 496 0
w 1344 448 1344 512 0
r 1232 448 1344 448 0 10000
w 1232 528 1184 528 0
a 1232 512 1344 512 8 12 -12 1000000 1.5395165523624068 1.5395319475279303 100000
R 1104 528 1072 528 0 0 40 0 0 0 0.5
R 1104 480 1072 480 0 0 40 0 0 0 0.5
w 1184 480 1184 528 0
w 1184 432 1184 480 0
r 1104 528 1184 528 0 10000
r 1104 480 1184 480 0 10000
r 1104 432 1184 432 0 10000
w 944 432 1104 432 0
o 14 64 0 4099 5 0.00009765625 0 1
o 21 64 0 4099 20 0.003125 1 2 23 0
