$ 1 0.000005 10.20027730826997 50 5 43 5e-11
429 128 208 48 208 0 1 false 2
R 48 144 0 144 0 3 40 2.5 2.5 0 0.5
R 48 224 0 224 0 3 40 2.5 2.5 3.141592653589793 0.5
r 128 160 224 160 0 68000
r 128 208 224 208 0 68000
w 224 160 224 208 0
t 224 208 288 208 0 1 -1.641018091168057 0.6257180644854111 100 default
g 288 224 288 240 0 0
162 288 112 288 192 2 default-led 1 0 0 0.01
r 288 48 288 112 0 330
370 288 0 288 48 1 0 0
R 288 0 288 -16 0 0 40 5 0 0 0.5
x 363 76 583 79 4 24 <-\sBrightness\scontrol
x 363 99 571 102 4 24 (trim\sfor\seach\scolor)
x -26 283 185 286 4 24 SUMMING/Range\s^
x -26 314 258 317 4 24 (adjust\sfor\slinearity\sof\sfade)
x -176 236 -36 239 4 24 MUX1B\s(red)
x -165 149 -25 152 4 24 MUX1A\s(red)
o 8 64 0 4099 5 0.0125 0 2 8 3
