$ 1 0.000005 382.76258214399064 1 5 50 5e-11
a 0 400 96 400 8 12 -12 1000000 0.000025946333200459386 0 100000
c 0 320 96 320 0 1.8e-7 2.5946592663791392 0.001 0
w 0 320 0 384 0
w 96 320 96 400 0
g 0 416 0 432 0 0
r 96 400 224 400 0 100000
a 224 416 320 416 9 12 -12 1000000 0 1.9662510340623385 100000
g 224 432 224 448 0 0
r 224 336 320 336 0 220000
w 320 336 320 416 0
w 224 336 224 400 0
174 -48 752 -16 688 1 10000 0.0545 Frequency
g -48 752 -48 768 0 0
x -163 720 -74 723 4 12 Frequency\s(Log)
a 816 -64 720 -64 9 12 -12 1000000 0.6826164549079173 0.6826283851796621 100000
d 720 -64 720 0 2 1N4148
d 720 128 720 64 2 1N4148
a 816 64 720 64 9 12 -12 1000000 0.0013843113271615117 0.6826283851796621 100000
w 720 128 816 128 0
w 816 128 816 80 0
w 720 0 816 0 0
w 816 0 816 -48 0
174 512 128 480 16 1 10000 0.5 Shape
w 720 128 512 128 0
w 720 0 512 0 0
w 0 80 0 320 0
w 864 48 816 48 0
w 816 -80 864 -80 0
w 864 -80 864 48 0
207 96 320 144 320 5 tri
207 448 512 496 512 5 sqr
x 527 64 563 67 4 12 Shape
f 320 416 672 416 32 1.5 0.02
r 672 384 672 304 0 10000
w 672 384 672 400 0
w 672 432 672 448 0
w 64 720 -16 720 0
w 672 304 608 304 0
r 432 816 528 816 0 100000
w 528 816 528 880 0
w 432 816 432 864 0
r 336 864 432 864 0 100000
g 432 896 432 912 0 0
172 -32 848 -80 848 0 7 0 5 0 0 0.5 Freq CV
g 768 432 768 448 0 0
r 672 400 768 400 0 100000
w 768 352 768 400 0
r 768 352 864 352 0 100000
a 768 416 864 416 8 12 -12 1000000 -0.000006826283851796621 0 100000
w 864 352 864 416 0
a 432 880 528 880 8 12 -12 1000000 -0.000006505965638470342 0 100000
a 240 864 336 864 8 12 -12 1000000 0.0000065060957577831345 0 100000
g 240 880 240 896 0 0
r 64 848 160 848 0 100000
w 240 800 240 848 0
w 336 800 336 864 0
r 240 800 336 800 0 240000
R -48 688 -48 656 0 0 40 5 0 0 0.5
r 64 720 160 720 0 100000
w 160 720 160 848 0
w 160 848 240 848 0
w 336 864 336 976 0
w 336 976 496 976 0
w 672 448 672 976 0
s -32 848 16 848 0 0 false
d 64 848 64 800 2 default
d 64 896 64 848 2 default
g 64 896 64 912 0 0
R 64 800 64 784 0 0 40 5 0 0 0.5
w 16 848 64 848 0
368 336 800 336 752 0 0
174 1184 -160 1216 -240 1 10000 0.5 Wave
R 1184 -256 1184 -288 0 0 40 5 0 0 0.5
R 1184 -160 1184 -128 0 0 40 -5 0 0 0.5
d 1600 -288 1680 -288 2 1N4148
a 1248 -224 1344 -224 8 12 -12 1000000 0 0 100000
w 1248 -240 1248 -288 0
w 1248 -288 1344 -288 0
w 1344 -288 1344 -224 0
a 1424 -80 1520 -80 8 12 -12 1000000 0 0 100000
r 1424 -96 1344 -96 0 100000
r 1520 -144 1424 -144 0 100000
w 1520 -144 1520 -80 0
w 1424 -144 1424 -96 0
w 1344 -224 1344 -96 0
368 1344 -288 1344 -320 0 0
368 1520 -144 1520 -176 0 0
w 1344 -288 1600 -288 0
368 1600 -80 1600 -112 0 0
d 1520 -80 1600 -80 2 1N4148
g 1424 -64 1424 -48 0 0
a 1408 240 1504 240 8 12 -12 1000000 -1.2432039044625523e-10 0 100000
d 1408 176 1504 176 2 1N4148
w 1408 256 1344 256 0
w 1504 176 1504 240 0
w 1408 176 1408 224 0
d 1504 240 1600 240 2 1N4148
r 1600 240 1600 320 0 10000
g 1600 320 1600 336 0 0
a 1648 224 1744 224 8 12 -12 1000000 1.096626003663826e-8 1.0966480605042896e-8 100000
w 1600 240 1648 240 0
r 1648 128 1744 128 0 10000
w 1744 128 1744 224 0
w 1648 128 1648 208 0
c 1504 176 1504 128 0 1e-7 0.00001243216336501597 0.001 0
w 1504 128 1408 128 0
w 1408 128 1408 176 0
r 1504 128 1648 128 0 10000
368 1744 128 1776 128 0 0
x 1521 91 1653 94 4 12 Absolute\sValue\sAmplifier
w 1344 -96 1344 256 0
r 1744 224 1872 224 0 10000
r 1872 224 1872 320 0 10000
R 1872 320 1872 352 0 0 40 -5 0 0 0.5
a 1936 240 2032 240 8 12 -12 1000000 -0.00004999849982443687 0 100000
g 1936 256 1936 272 0 0
r 1936 176 2032 176 0 10000
w 2032 176 2032 240 0
w 1936 176 1936 224 0
368 2032 176 2064 176 0 0
w 1936 224 1872 224 0
w 864 48 864 352 0
r 320 448 320 528 0 100000
r 320 528 320 608 0 72000
g 320 608 320 624 0 0
a 368 512 448 512 8 12 -12 1000000 5.023287884234212 5.023338117113054 100000
w 448 512 448 464 0
w 448 464 368 464 0
w 368 464 368 496 0
w 368 528 320 528 0
w 320 448 320 416 0
368 1680 -288 1680 -320 0 0
207 1680 -288 1728 -288 5 squareCV
207 2032 240 2080 240 5 triCV
207 1600 -80 1648 -80 5 sineCV
g 1680 -208 1680 -192 0 0
r 1680 -288 1680 -208 0 10000
g 1600 0 1600 16 0 0
r 1600 -80 1600 0 0 10000
207 1120 736 1072 736 5 tri
212 1120 736 1184 736 0 1 tanh(a/2.5)*5
g 1216 768 1216 784 0 0
212 1520 672 1616 672 0 6 (a*b\pc*d\pe*f)/5
207 1216 736 1264 736 5 sine
g 1616 704 1616 720 0 0
207 1520 832 1472 832 5 sineCV
207 1520 800 1472 800 5 sine
207 1520 768 1472 768 5 triCV
207 1520 736 1472 736 5 tri
207 1520 704 1472 704 5 squareCV
207 1520 672 1472 672 5 sqr
O 1616 672 1648 672 0 0
w 1248 -208 1216 -208 0
a 336 80 240 80 9 12 -12 1000000 0.0013625377017844938 0.0013625513271615117 100000
w 336 96 336 144 0
w 240 144 240 80 0
w 416 64 480 64 0
r 0 80 240 80 0 250
w 336 64 416 64 0
r 416 64 416 160 0 10
g 416 160 416 176 0 0
w 240 144 336 144 0
r 496 976 576 976 0 33
w 576 976 672 976 0
r 528 880 608 880 0 33
w 608 304 608 880 0
r 672 976 672 1072 0 10000
R 672 1072 672 1088 0 0 40 -12 0 0 0.5
r 672 304 672 224 0 18000
R 672 224 672 208 0 0 40 12 0 0 0.5
o 151 512 0 4106 10 0.1 0 1
