$ 1 0.000005 188.4969023643409 1 5 50 5e-11
a 0 400 96 400 8 12 -12 1000000 -0.0000021069031090590757 0 100000
c 0 320 96 320 0 2.2e-7 -0.21069241780901665 0.001 0
w 0 320 0 384 0
w 96 320 96 400 0
g 0 416 0 432 0 0
r 96 400 224 400 0 100000
a 224 416 320 416 9 12 -12 1000000 0 3.8949713028380017 100000
g 224 432 224 448 0 0
r 224 336 320 336 0 220000
w 320 336 320 416 0
w 224 336 224 400 0
174 32 672 64 608 1 10000 0.9950000000000001 Frequency
g 32 672 32 688 0 0
x -83 640 6 643 4 12 Frequency\s(Log)
a 816 -64 720 -64 9 12 -12 1000000 11.481786007733392 11.994366718351595 100000
d 720 -64 720 0 2 1N4148
d 720 128 720 64 2 1N4148
a 816 64 720 64 9 12 -12 1000000 0.016094691666817054 11.994366718351595 100000
w 720 128 816 128 0
w 816 128 816 80 0
w 720 0 816 0 0
w 816 0 816 -48 0
174 512 128 480 16 1 100000 0.2822 Shape
w 720 128 512 128 0
w 720 0 512 0 0
r 480 64 0 64 0 100
w 0 64 0 320 0
w 864 48 816 48 0
w 816 -80 864 -80 0
w 864 -80 864 48 0
207 96 320 144 320 5 tri
207 448 512 496 512 5 sqr
x 527 64 563 67 4 12 Shape
f 320 416 672 416 32 1.5 0.02
r 672 384 672 304 0 10000
w 672 384 672 400 0
w 672 432 672 448 0
w 144 640 64 640 0
w 672 304 608 304 0
r 512 736 608 736 0 100000
w 608 736 608 800 0
w 512 736 512 784 0
r 416 784 512 784 0 100000
g 512 816 512 832 0 0
172 48 768 0 768 0 7 5 5 0 0 0.5 Freq CV
g 768 432 768 448 0 0
r 672 400 768 400 0 100000
w 768 352 768 400 0
r 768 352 864 352 0 100000
a 768 416 864 416 8 12 -12 1000000 -0.00011994366718351595 0 100000
w 864 352 864 416 0
a 512 800 608 800 8 12 -12 1000000 -0.00011999965787184768 0 100000
w 608 736 608 304 0
a 320 784 416 784 8 12 -12 1000000 2.057985005083554 0 100000
g 320 800 320 816 0 0
r 144 768 240 768 0 100000
w 320 720 320 768 0
w 416 720 416 784 0
r 320 720 416 720 0 240000
R 32 608 32 576 0 0 40 5 0 0 0.5
r 144 640 240 640 0 100000
w 240 640 240 768 0
w 240 768 320 768 0
w 416 784 416 896 0
w 416 896 672 896 0
w 672 448 672 896 0
s 48 768 96 768 0 0 false
d 144 768 144 720 2 default
d 144 816 144 768 2 default
g 144 816 144 832 0 0
R 144 720 144 704 0 0 40 5 0 0 0.5
w 96 768 144 768 0
368 416 720 416 672 0 0
174 1792 -144 1824 -224 1 10000 0.7673000000000001 Wave
R 1792 -240 1792 -272 0 0 40 5 0 0 0.5
R 1792 -144 1792 -112 0 0 40 -5 0 0 0.5
d 2224 -272 2304 -272 2 1N4148
w 1824 -192 1872 -192 0
a 1872 -208 1968 -208 8 12 -12 1000000 2.6729732702672986 2.673000000000001 100000
w 1872 -224 1872 -272 0
w 1872 -272 1968 -272 0
w 1968 -272 1968 -208 0
a 2048 -64 2144 -64 8 12 -12 1000000 0.00002672919811871061 0 100000
r 2048 -80 1968 -80 0 100000
r 2144 -128 2048 -128 0 100000
w 2144 -128 2144 -64 0
w 2048 -128 2048 -80 0
w 1968 -208 1968 -80 0
368 1968 -272 1968 -304 0 0
368 2144 -128 2144 -160 0 0
w 1968 -272 2224 -272 0
368 2224 -64 2224 -96 0 0
d 2144 -64 2224 -64 2 1N4148
g 2048 -48 2048 -32 0 0
a 2032 256 2128 256 8 12 -12 1000000 2.6729411038811026 2.6729732702672986 100000
d 2032 192 2128 192 2 1N4148
w 2032 272 1968 272 0
w 2128 192 2128 256 0
w 2032 192 2032 240 0
d 2128 256 2224 256 2 1N4148
r 2224 256 2224 336 0 10000
g 2224 336 2224 352 0 0
a 2272 240 2368 240 8 12 -12 1000000 2.6728975845877674 2.6729243131284206 100000
w 2224 256 2272 256 0
r 2272 144 2368 144 0 10000
w 2368 144 2368 240 0
w 2272 144 2272 224 0
c 2128 192 2128 144 0 1e-7 0.5436975156958019 0.001 0
w 2128 144 2032 144 0
w 2032 144 2032 192 0
r 2128 144 2272 144 0 10000
368 2368 144 2400 144 0 0
x 2145 107 2277 110 4 12 Absolute\sValue\sAmplifier
w 1968 -80 1968 272 0
r 2368 240 2496 240 0 10000
r 2496 240 2496 336 0 10000
R 2496 336 2496 368 0 0 40 -5 0 0 0.5
a 2560 256 2656 256 8 12 -12 1000000 -0.00002327076122421896 0 100000
g 2560 272 2560 288 0 0
r 2560 192 2656 192 0 10000
w 2656 192 2656 256 0
w 2560 192 2560 240 0
368 2656 192 2688 192 0 0
w 2560 240 2496 240 0
w 864 48 864 352 0
r 320 448 320 528 0 100000
r 320 528 320 608 0 72000
g 320 608 320 624 0 0
a 368 512 448 512 8 12 -12 1000000 5.023368620554378 5.0234188542405835 100000
w 448 512 448 464 0
w 448 464 368 464 0
w 368 464 368 496 0
w 368 528 320 528 0
w 320 448 320 416 0
368 2304 -272 2304 -304 0 0
207 2304 -272 2352 -272 5 squareCV
207 2656 256 2704 256 5 triCV
207 2224 -64 2272 -64 5 sineCV
g 2304 -192 2304 -176 0 0
r 2304 -272 2304 -192 0 10000
g 2224 16 2224 32 0 0
r 2224 -64 2224 16 0 10000
207 1120 736 1072 736 5 tri
212 1120 736 1184 736 0 1 tanh(a/2.5)*5
g 1216 768 1216 784 0 0
212 1520 672 1616 672 0 6 (a*b\pc*d\pe*f)/5
207 1216 736 1264 736 5 sine
g 1616 704 1616 720 0 0
207 1520 832 1472 832 5 sineCV
207 1520 800 1472 800 5 sine
207 1520 768 1472 768 5 triCV
207 1520 736 1472 736 5 tri
207 1520 704 1472 704 5 squareCV
207 1520 672 1472 672 5 sqr
O 1616 672 1648 672 0 0
o 154 64 0 4098 10 0.1 0 1
