$ 1 0.000005 188.4969023643409 1 5 50 5e-11
a 0 400 96 400 8 12 -12 1000000 0.000031936749727235034 0 100000
c 0 320 96 320 0 2.2e-7 3.1937069094732307 0.001 0
w 0 320 0 384 0
w 96 320 96 400 0
g 0 416 0 432 0 0
r 96 400 224 400 0 100000
a 224 416 320 416 9 12 -12 1000000 0 -5.945837347418603 100000
g 224 432 224 448 0 0
r 224 336 320 336 0 220000
w 320 336 320 416 0
w 224 336 224 400 0
174 32 672 64 608 1 10000 0.9950000000000001 Frequency
g 32 672 32 688 0 0
x -83 640 6 643 4 12 Frequency\s(Log)
a 816 -64 720 -64 9 12 -12 1000000 -0.013059104103599558 -10.905210783156054 100000
d 720 -64 720 0 2 1N4148
d 720 128 720 64 2 1N4148
a 816 64 720 64 9 12 -12 1000000 -10.905096650534034 -10.905210783156054 100000
w 720 128 816 128 0
w 816 128 816 80 0
w 720 0 816 0 0
w 816 0 816 -48 0
174 512 128 480 16 1 100000 0.8366000000000001 Shape
w 720 128 512 128 0
w 720 0 512 0 0
r 480 64 0 64 0 100
w 0 64 0 320 0
w 864 48 816 48 0
w 816 -80 864 -80 0
w 864 -80 864 48 0
207 96 320 144 320 5 tri
207 448 512 496 512 5 sqr
x 527 64 563 67 4 12 Shape
f 320 416 672 416 32 1.5 0.02
r 672 384 672 304 0 10000
w 672 384 672 400 0
w 672 432 672 448 0
w 144 640 64 640 0
w 672 304 608 304 0
r 512 736 608 736 0 100000
w 608 736 608 800 0
w 512 736 512 784 0
r 416 784 512 784 0 100000
g 512 816 512 832 0 0
172 48 768 0 768 0 7 5 5 0 0 0.5 Freq CV
g 768 432 768 448 0 0
r 672 400 768 400 0 100000
w 768 352 768 400 0
r 768 352 864 352 0 100000
a 768 416 864 416 8 12 -12 1000000 0.00010905210783156055 0 100000
w 864 352 864 416 0
a 512 800 608 800 8 12 -12 1000000 -0.00011999965787184767 0 100000
w 608 736 608 304 0
a 320 784 416 784 8 12 -12 1000000 2.057985005083554 0 100000
g 320 800 320 816 0 0
r 144 768 240 768 0 100000
w 320 720 320 768 0
w 416 720 416 784 0
r 320 720 416 720 0 240000
R 32 608 32 576 0 0 40 5 0 0 0.5
r 144 640 240 640 0 100000
w 240 640 240 768 0
w 240 768 320 768 0
w 416 784 416 896 0
w 416 896 672 896 0
w 672 448 672 896 0
s 48 768 96 768 0 0 false
d 144 768 144 720 2 default
d 144 816 144 768 2 default
g 144 816 144 832 0 0
R 144 720 144 704 0 0 40 5 0 0 0.5
w 96 768 144 768 0
368 416 720 416 672 0 0
207 1104 688 1104 656 5 tri
174 1104 784 1136 704 1 25000 0.10400000000000001 Sine Shape (trim)
g 1104 784 1104 800 0 0
r 1136 736 1216 736 0 100000
a 1216 752 1312 752 8 12 -12 1000000 -0.0000032457434609681144 0 100000
g 1216 768 1216 784 0 0
r 1216 688 1312 688 0 100000
w 1216 688 1216 736 0
w 1312 688 1312 752 0
j 1440 784 1504 784 32 -4 0.00125
r 1504 752 1504 688 0 1000
r 1504 816 1504 880 0 1000
w 1504 800 1504 816 0
r 1504 816 1616 816 0 10000
w 1504 752 1504 768 0
d 1440 784 1440 688 2 1N4148
d 1440 784 1440 880 2 1N4148
r 1376 688 1376 784 0 1000000
r 1376 784 1376 880 0 1000000
w 1376 880 1440 880 0
w 1440 880 1504 880 0
w 1504 688 1440 688 0
w 1440 688 1376 688 0
w 1376 784 1440 784 0
w 1376 688 1312 688 0
w 1616 768 1616 816 0
r 1616 768 1712 768 0 220000
g 1616 848 1616 864 0 0
a 1616 832 1712 832 8 12 -12 1000000 0.00003075714256048007 0 100000
w 1712 768 1712 832 0
207 1712 832 1760 832 5 sine
x 1519 784 1546 787 4 12 J201
g 1504 880 1504 912 0 0
174 1136 -96 1168 -176 1 10000 0.6386000000000001 Wave
R 1136 -192 1136 -224 0 0 40 5 0 0 0.5
R 1136 -96 1136 -64 0 0 40 -5 0 0 0.5
d 1568 -224 1648 -224 2 1N4148
w 1168 -144 1216 -144 0
a 1216 -160 1312 -160 8 12 -12 1000000 1.385986140138599 1.3860000000000006 100000
w 1216 -176 1216 -224 0
w 1216 -224 1312 -224 0
w 1312 -224 1312 -160 0
a 1392 -16 1488 -16 8 12 -12 1000000 0.000013859584209701798 0 100000
r 1392 -32 1312 -32 0 100000
r 1488 -80 1392 -80 0 100000
w 1488 -80 1488 -16 0
w 1392 -80 1392 -32 0
w 1312 -160 1312 -32 0
368 1312 -224 1312 -256 0 0
368 1488 -80 1488 -112 0 0
w 1312 -224 1568 -224 0
368 1568 -16 1568 -48 0 0
d 1488 -16 1568 -16 2 1N4148
g 1392 0 1392 16 0 0
a 1376 304 1472 304 8 12 -12 1000000 1.3859671682361097 1.385986140138599 100000
d 1376 240 1472 240 2 1N4148
w 1376 320 1312 320 0
w 1472 240 1472 304 0
w 1376 240 1376 288 0
d 1472 304 1568 304 2 1N4148
r 1568 304 1568 384 0 10000
g 1568 384 1568 400 0 0
a 1616 288 1712 288 8 12 -12 1000000 1.385923649601063 1.3859375084023724 100000
w 1568 304 1616 304 0
r 1616 192 1712 192 0 10000
w 1712 192 1712 288 0
w 1616 192 1616 272 0
c 1472 240 1472 192 0 1e-7 0.5112230807018778 0.001 0
w 1472 192 1376 192 0
w 1376 192 1376 240 0
r 1472 192 1616 192 0 10000
368 1712 192 1744 192 0 0
x 1489 155 1621 158 4 12 Absolute\sValue\sAmplifier
w 1312 -32 1312 320 0
r 1712 288 1840 288 0 10000
r 1840 288 1840 384 0 10000
R 1840 384 1840 416 0 0 40 -5 0 0 0.5
a 1904 304 2000 304 8 12 -12 1000000 -0.00003614011448690523 0 100000
g 1904 320 1904 336 0 0
r 1904 240 2000 240 0 10000
w 2000 240 2000 304 0
w 1904 240 1904 288 0
368 2000 240 2032 240 0 0
w 1904 288 1840 288 0
x 1992 213 2036 216 4 12 Sine\sCV
w 864 48 864 352 0
r 320 448 320 528 0 100000
r 320 528 320 608 0 72000
g 320 608 320 624 0 0
a 368 512 448 512 8 12 -12 1000000 -5.023454469902402 -5.0235047044471015 100000
w 448 512 448 464 0
w 448 464 368 464 0
w 368 464 368 496 0
w 368 528 320 528 0
w 320 448 320 416 0
402 2672 -272 2800 -272 1 0\s0\s40\s-12\s0\s0\s0.5 0\s0\s40\s12\s0\s0\s0.5 0\s1\s-10.392930120894137\s0.537995447630216\s100\sdefault 0\s1\s-0.537995447630216\s0.5377406206213511\s100\sdefault 0\s1\s0\s0.5377406206213511\s100\sdefault 0\s1\s-11.030921258671283\s0.5002258192178881\s100\sdefault 0\s1\s-10.939119686633212\s0.530826359819484\s100\sdefault 0\s-1\s0.5002207697132803\s-0.49996596325184584\s100\sdefault 0\s-1\s0\s-0.49996596325184584\s100\sdefault 0\s-1\s21.999636599480354\s-0.5002207697132803\s100\sdefault 0\s-1\s0.530821295199237\s-0.5305664692023626\s100\sdefault 0\s-1\s0\s-0.5305664692023626\s100\sdefault 0\s-1\s10.938602017257017\s-0.530821295199237\s100\sdefault 0\s1\s0\s0.4999609249290753\s100\sdefault 0\s1\s-0.5002157426254445\s0.4999609249290753\s100\sdefault 0\s1\s-10.999833550786864\s0.5002157426254445\s100\sdefault 0\s1\s0\s0.011885111745200759\s100\sdefault 0\s1\s0\s-0.018715428856395207\s100\sdefault
r 2640 -208 2640 -112 0 620
r 2560 -208 2560 -112 0 620
g 2640 -112 2640 -96 0 0
g 2560 -112 2560 -96 0 0
w 2640 -208 2640 -240 0
w 2640 -240 2672 -240 0
w 2560 -208 2560 -304 0
w 2560 -304 2672 -304 0
w 2640 -240 2496 -240 0
r 2496 -240 2416 -240 0 100000
a 2880 -256 2976 -256 8 12 -12 1000000 0.000010218341384036812 0 100000
r 2880 -336 2976 -336 0 18000
w 2976 -336 2976 -256 0
w 2880 -336 2880 -272 0
g 2880 -240 2880 -224 0 0
w 2800 -272 2880 -272 0
r 2784 -304 2784 -464 0 6800
t 2736 -480 2784 -480 0 -1 9.54590572413114 -0.5380005144880526 100 default
a 2640 -480 2736 -480 8 12 -12 1000000 0.000006438829320593165 0 100000
c 2640 -560 2736 -560 0 1e-9 0.6438893708886371 0.001 0
d 2736 -624 2640 -624 2 1N4148
w 2736 -624 2736 -560 0
w 2736 -560 2736 -480 0
w 2640 -624 2640 -560 0
w 2640 -560 2640 -496 0
g 2640 -464 2640 -448 0 0
w 2784 -496 2784 -672 0
r 2784 -672 2864 -672 0 1000
g 2864 -672 2864 -656 0 0
r 2784 -672 2640 -672 0 33000
w 2640 -672 2640 -624 0
r 2640 -496 2496 -496 0 330000
368 1648 -224 1648 -256 0 0
207 1648 -224 1696 -224 5 squareCV
207 1568 -16 1616 -16 5 triCV
207 2000 304 2048 304 5 sineCV
r 2656 240 2512 240 0 330000
w 2656 64 2656 112 0
r 2800 64 2656 64 0 33000
g 2880 64 2880 80 0 0
r 2800 64 2880 64 0 1000
w 2800 240 2800 64 0
g 2656 272 2656 288 0 0
w 2656 176 2656 240 0
w 2656 112 2656 176 0
w 2752 176 2752 256 0
w 2752 112 2752 176 0
d 2752 112 2656 112 2 1N4148
c 2656 176 2752 176 0 1e-9 0.9309994825907285 0.001 0
a 2656 256 2752 256 8 12 -12 1000000 0.000009309901726890016 0 100000
t 2752 256 2800 256 0 -1 7.423925300376948 -0.5697428847108994 100 default
r 2800 432 2800 272 0 6800
w 2816 464 2896 464 0
g 2896 496 2896 512 0 0
w 2896 400 2896 464 0
w 2992 400 2992 480 0
r 2896 400 2992 400 0 18000
a 2896 480 2992 480 8 12 -12 1000000 0.000022174570366142593 0 100000
r 2512 496 2432 496 0 100000
w 2656 496 2512 496 0
w 2576 432 2688 432 0
w 2576 528 2576 432 0
w 2656 496 2688 496 0
w 2656 528 2656 496 0
g 2576 624 2576 640 0 0
g 2656 624 2656 640 0 0
r 2576 528 2576 624 0 620
r 2656 528 2656 624 0 620
402 2688 464 2816 464 1 0\s0\s40\s-12\s0\s0\s0.5 0\s0\s40\s12\s0\s0\s0.5 0\s1\s-10.300188557304736\s0.5697378145698053\s100\sdefault 0\s1\s-0.5697378145698053\s0.5694829856914332\s100\sdefault 0\s1\s0\s0.5694829856914332\s100\sdefault 0\s1\s-10.938172425077507\s0.540894391846788\s100\sdefault 0\s1\s-10.883621903339348\s0.559077901792314\s100\sdefault 0\s-1\s0.5408893251853524\s-0.5406345003243782\s100\sdefault 0\s-1\s0\s-0.5406345003243782\s100\sdefault 0\s-1\s21.836962475371706\s-0.5408893251853524\s100\sdefault 0\s-1\s0.559072832864123\s-0.5588180044382405\s100\sdefault 0\s-1\s0\s-0.5588180044382405\s100\sdefault 0\s-1\s10.88208698812727\s-0.559072832864123\s100\sdefault 0\s1\s0\s0.5406294359714643\s100\sdefault 0\s1\s-0.5408842631470989\s0.5406294359714643\s100\sdefault 0\s1\s-10.918508475451803\s0.5408842631470989\s100\sdefault 0\s1\s0\s0.007845943060508365\s100\sdefault 0\s1\s0\s-0.010337566885017578\s100\sdefault
r 2688 1024 2544 1024 0 330000
w 2688 848 2688 896 0
r 2832 848 2688 848 0 33000
g 2912 848 2912 864 0 0
r 2832 848 2912 848 0 1000
w 2832 1024 2832 848 0
g 2688 1056 2688 1072 0 0
w 2688 960 2688 1024 0
w 2688 896 2688 960 0
w 2784 960 2784 1040 0
w 2784 896 2784 960 0
d 2784 896 2688 896 2 1N4148
c 2688 960 2784 960 0 1e-9 -0.03411634254147407 0.001 0
a 2688 1040 2784 1040 8 12 -12 1000000 -3.411600138146025e-7 0 100000
t 2784 1040 2832 1040 0 -1 11.742273980919819 0.03411602280429019 100 default
r 2832 1216 2832 1056 0 6800
w 2848 1248 2928 1248 0
g 2928 1280 2928 1296 0 0
w 2928 1184 2928 1248 0
w 3024 1184 3024 1264 0
r 2928 1184 3024 1184 0 18000
a 2928 1264 3024 1264 8 12 -12 1000000 -6.8945828770585374e-12 0 100000
r 2544 1280 2464 1280 0 100000
w 2688 1280 2544 1280 0
w 2608 1216 2720 1216 0
w 2608 1312 2608 1216 0
w 2688 1280 2720 1280 0
w 2688 1312 2688 1280 0
g 2608 1408 2608 1424 0 0
g 2688 1408 2688 1424 0 0
r 2608 1312 2608 1408 0 620
r 2688 1312 2688 1408 0 620
402 2720 1248 2848 1248 1 0\s0\s40\s-12\s0\s0\s0.5 0\s0\s40\s12\s0\s0\s0.5 0\s1\s-11.577897807847398\s0.1407048213600266\s100\sdefault 0\s1\s-0.1407048213600266\s0.1511370387768416\s100\sdefault 0\s1\s0\s0.1511370387768416\s100\sdefault 0\s1\s-11.709292822455591\s0.11058156285995585\s100\sdefault 0\s1\s-11.685437113363815\s0.1302603391978848\s100\sdefault 0\s-1\s0.1479442800414983\s-0.16244166665868853\s100\sdefault 0\s-1\s0\s-0.16244166665868853\s100\sdefault 0\s-1\s23.342488981824722\s-0.1479442800414983\s100\sdefault 0\s-1\s0.1539146094562529\s-0.1606482699977807\s100\sdefault 0\s-1\s0\s-0.1606482699977807\s100\sdefault 0\s-1\s11.68543712055286\s-0.1539146094562529\s100\sdefault 0\s1\s0\s0.17529939312708898\s100\sdefault 0\s1\s-0.1718256783480019\s0.17529939312708898\s100\sdefault 0\s1\s-11.652874928518015\s0.1718256783480019\s100\sdefault 0\s1\s0\s0.00838484971346244\s100\sdefault 0\s1\s0\s-0.011293926624466499\s100\sdefault
207 2512 240 2464 240 5 sineCV
207 2496 -496 2432 -496 5 squareCV
207 2544 1024 2496 1024 5 triCV
207 2432 496 2368 496 5 sine
207 2416 -240 2368 -240 5 sqr
207 2464 1280 2416 1280 5 tri
w 2976 -256 3296 -256 0
w 3296 -256 3296 1088 0
r 3296 1088 3488 1088 0 10000
w 2992 480 3200 480 0
w 3200 480 3200 1168 0
w 3200 1168 3296 1168 0
r 3296 1168 3488 1168 0 10000
r 3296 1264 3488 1264 0 10000
w 3296 1264 3024 1264 0
w 3488 1088 3488 1168 0
w 3488 1168 3488 1264 0
a 3568 1280 3664 1280 8 12 -12 1000000 -0.00003239160919122888 0 100000
g 3568 1296 3568 1312 0 0
w 3488 1264 3568 1264 0
r 3568 1168 3664 1168 0 10000
w 3568 1168 3568 1264 0
w 3664 1168 3664 1280 0
O 3664 1280 3728 1280 0 0
o 30 64 0 4099 10 0.000390625 0 2 31 0
o 294 128 0 4098 5 0.1 1 1
