$ 1 0.000005 10.20027730826997 20 5 50 5e-11
a 0 400 96 400 8 12 -12 1000000 -0.000016895968707847048 0 100000
c 0 320 96 320 0 2.2e-7 -1.6896137667534128 0.001 0
w 0 320 0 384 0
w 96 320 96 400 0
g 0 416 0 432 0 0
r 96 400 224 400 0 100000
a 224 416 320 416 9 12 -12 1000000 0 4.911751337122183 100000
g 224 432 224 448 0 0
r 224 336 320 336 0 220000
w 320 336 320 416 0
w 224 336 224 400 0
174 32 672 64 608 1 10000 0.9950000000000001 Frequency
g 32 672 32 688 0 0
x -83 640 6 643 4 12 Frequency\s(Log)
a 816 -64 720 -64 9 12 -12 1000000 11.473704143858235 11.994366743653073 100000
d 720 -64 720 0 2 1N4148
d 720 128 720 64 2 1N4148
a 816 64 720 64 9 12 -12 1000000 0.01896620801323688 11.994366743653073 100000
w 720 128 816 128 0
w 816 128 816 80 0
w 720 0 816 0 0
w 816 0 816 -48 0
174 512 128 480 16 1 100000 0.39110000000000006 Shape
w 720 128 512 128 0
w 720 0 512 0 0
r 480 64 0 64 0 100
w 0 64 0 320 0
w 864 48 816 48 0
w 816 -80 864 -80 0
w 864 -80 864 48 0
207 96 320 144 320 5 tri
207 448 512 496 512 5 sqr
x 527 64 563 67 4 12 Shape
f 320 416 672 416 32 1.5 0.02
r 672 384 672 304 0 10000
w 672 384 672 400 0
w 672 432 672 448 0
w 144 640 64 640 0
w 672 304 608 304 0
r 512 736 608 736 0 100000
w 608 736 608 800 0
w 512 736 512 784 0
r 416 784 512 784 0 100000
g 512 816 512 832 0 0
172 48 768 0 768 0 7 5 5 0 0 0.5 Freq CV
g 768 432 768 448 0 0
r 672 400 768 400 0 100000
w 768 352 768 400 0
r 768 352 864 352 0 100000
a 768 416 864 416 8 12 -12 1000000 -0.00011994366743653073 0 100000
w 864 352 864 416 0
a 512 800 608 800 8 12 -12 1000000 -0.00011999965787184766 0 100000
w 608 736 608 304 0
a 320 784 416 784 8 12 -12 1000000 2.057985005083554 0 100000
g 320 800 320 816 0 0
r 144 768 240 768 0 100000
w 320 720 320 768 0
w 416 720 416 784 0
r 320 720 416 720 0 240000
R 32 608 32 576 0 0 40 5 0 0 0.5
r 144 640 240 640 0 100000
w 240 640 240 768 0
w 240 768 320 768 0
w 416 784 416 896 0
w 416 896 672 896 0
w 672 448 672 896 0
s 48 768 96 768 0 0 false
d 144 768 144 720 2 default
d 144 816 144 768 2 default
g 144 816 144 832 0 0
R 144 720 144 704 0 0 40 5 0 0 0.5
w 96 768 144 768 0
368 416 720 416 672 0 0
207 1104 688 1104 656 5 tri
174 1104 784 1136 704 1 25000 0.10400000000000001 Sine Shape (trim)
g 1104 784 1104 800 0 0
r 1136 736 1216 736 0 100000
a 1216 752 1312 752 8 12 -12 1000000 0.0000017171434293906863 0 100000
g 1216 768 1216 784 0 0
r 1216 688 1312 688 0 100000
w 1216 688 1216 736 0
w 1312 688 1312 752 0
j 1440 784 1504 784 32 -4 0.00125
r 1504 752 1504 688 0 1000
r 1504 816 1504 880 0 1000
w 1504 800 1504 816 0
r 1504 816 1616 816 0 10000
w 1504 752 1504 768 0
d 1440 784 1440 688 2 1N4148
d 1440 784 1440 880 2 1N4148
r 1376 688 1376 784 0 1000000
r 1376 784 1376 880 0 1000000
w 1376 880 1440 880 0
w 1440 880 1504 880 0
w 1504 688 1440 688 0
w 1440 688 1376 688 0
w 1376 784 1440 784 0
w 1376 688 1312 688 0
w 1616 768 1616 816 0
r 1616 768 1712 768 0 220000
g 1616 848 1616 864 0 0
a 1616 832 1712 832 8 12 -12 1000000 -0.000016282522147687278 0 100000
w 1712 768 1712 832 0
207 1712 832 1760 832 5 sine
x 1519 784 1546 787 4 12 J201
g 1504 880 1504 912 0 0
174 1136 -96 1168 -176 1 10000 0.9950000000000001 Wave
R 1136 -192 1136 -224 0 0 40 5 0 0 0.5
R 1136 -96 1136 -64 0 0 40 -5 0 0 0.5
d 1568 -224 1648 -224 2 1N4148
w 1168 -144 1216 -144 0
r 1648 -224 1648 -160 0 100000
g 1648 -160 1648 -144 0 0
a 1216 -160 1312 -160 8 12 -12 1000000 4.949950500494996 4.950000000000001 100000
w 1216 -176 1216 -224 0
w 1216 -224 1312 -224 0
w 1312 -224 1312 -160 0
a 1392 -16 1488 -16 8 12 -12 1000000 0.000049498515034649273 0 100000
r 1392 -32 1312 -32 0 100000
r 1488 -80 1392 -80 0 100000
w 1488 -80 1488 -16 0
w 1392 -80 1392 -32 0
w 1312 -160 1312 -32 0
368 1312 -224 1312 -256 0 0
368 1488 -80 1488 -112 0 0
368 1648 -224 1712 -224 0 0
w 1312 -224 1568 -224 0
368 1568 -16 1632 -16 0 0
g 1568 48 1568 64 0 0
r 1568 -16 1568 48 0 100000
d 1488 -16 1568 -16 2 1N4148
g 1392 0 1392 16 0 0
a 1376 304 1472 304 8 12 -12 1000000 4.94989525909696 4.949950500494996 100000
d 1376 240 1472 240 2 1N4148
w 1376 320 1312 320 0
w 1472 240 1472 304 0
w 1376 240 1376 288 0
d 1472 304 1568 304 2 1N4148
r 1568 304 1568 384 0 10000
g 1568 384 1568 400 0 0
a 1616 288 1712 288 8 12 -12 1000000 4.9498517394774435 4.949901237559642 100000
w 1568 304 1616 304 0
r 1616 192 1712 192 0 10000
w 1712 192 1712 288 0
w 1616 192 1616 272 0
c 1472 240 1472 192 0 1e-7 0.5742445446337854 0.001 0
w 1472 192 1376 192 0
w 1376 192 1376 240 0
r 1472 192 1616 192 0 10000
368 1712 192 1744 192 0 0
x 1489 155 1621 158 4 12 Absolute\sValue\sAmplifier
w 1312 -32 1312 320 0
r 1712 288 1840 288 0 10000
r 1840 288 1840 384 0 10000
R 1840 384 1840 416 0 0 40 -5 0 0 0.5
a 1904 304 2000 304 8 12 -12 1000000 -5.019027443384105e-7 0 100000
g 1904 320 1904 336 0 0
r 1904 240 2000 240 0 10000
w 2000 240 2000 304 0
w 1904 240 1904 288 0
368 2000 240 2032 240 0 0
w 1904 288 1840 288 0
x 2036 217 2080 220 4 12 Sine\sCV
x 1707 -248 1766 -245 4 12 Square\sCV
x 1619 -39 1682 -36 4 12 Triangle\sCV
w 864 48 864 352 0
r 320 448 320 528 0 100000
r 320 528 320 608 0 72000
g 320 608 320 624 0 0
a 368 512 448 512 8 12 -12 1000000 5.02341118301391 5.02346141712574 100000
w 448 512 448 464 0
w 448 464 368 464 0
w 368 464 368 496 0
w 368 528 320 528 0
w 320 448 320 416 0
o 30 64 0 4099 10 0.003125 0 1
o 31 64 0 4099 10 0.00009765625 1 1
