$ 1 0.000005 10.20027730826997 47 5 50 5e-11
a 128 400 224 400 8 12 -12 1000000 0.000019430627494748594 0 100000
c 128 320 224 320 0 2.2e-7 1.9430821801023541 0.001 0
w 128 320 128 384 0
w 224 320 224 400 0
g 128 416 128 432 0 0
r 224 400 352 400 0 100000
a 352 416 448 416 9 12 -12 1000000 0 -5.086014574455788 100000
g 352 432 352 448 0 0
r 352 336 448 336 0 220000
w 448 336 448 416 0
w 352 336 352 400 0
174 -64 592 -32 528 1 10000 0.9950000000000001 Frequency
g -64 592 -64 608 0 0
x -179 560 -90 563 4 12 Frequency\s(Log)
a 816 -64 720 -64 9 12 -12 1000000 -0.01998653617524618 -10.905210783156052 100000
d 720 -64 720 0 2 1N4148
d 720 128 720 64 2 1N4148
a 816 64 720 64 9 12 -12 1000000 -10.905096443190471 -10.905210783156052 100000
w 720 128 816 128 0
w 816 128 816 80 0
w 720 0 816 0 0
w 816 0 816 -48 0
174 512 128 480 16 1 100000 0.5495000000000001 Shape
w 720 128 512 128 0
w 720 0 512 0 0
r 480 64 128 64 0 100
w 128 64 128 320 0
w 864 416 864 48 0
w 864 48 816 48 0
w 816 -80 864 -80 0
w 864 -80 864 48 0
207 224 320 272 320 5 tri
207 448 416 448 464 5 sqr
x 527 64 563 67 4 12 Shape
f 448 416 576 416 32 1.5 0.02
r 576 384 576 304 0 10000
w 576 384 576 400 0
w 576 432 576 448 0
w 48 560 -32 560 0
w 576 304 512 304 0
r 416 656 512 656 0 100000
w 512 656 512 720 0
w 416 656 416 704 0
r 320 704 416 704 0 100000
g 416 736 416 752 0 0
172 -48 688 -96 688 0 7 5 5 0 0 0.5 Freq CV
g 672 432 672 448 0 0
r 576 400 672 400 0 100000
w 672 352 672 400 0
r 672 352 768 352 0 100000
a 672 416 768 416 8 12 -12 1000000 0.0001090521078315605 0 100000
w 768 352 768 416 0
a 416 720 512 720 8 12 -12 1000000 -0.00011999965787184768 0 100000
w 512 656 512 304 0
a 224 704 320 704 8 12 -12 1000000 2.057985005083554 0 100000
g 224 720 224 736 0 0
r 48 688 144 688 0 100000
w 224 640 224 688 0
w 320 640 320 704 0
r 224 640 320 640 0 240000
R -64 528 -64 496 0 0 40 5 0 0 0.5
r 48 560 144 560 0 100000
w 144 560 144 688 0
w 144 688 224 688 0
w 768 416 864 416 0
w 320 704 320 816 0
w 320 816 576 816 0
w 576 448 576 816 0
s -48 688 0 688 0 0 false
d 48 688 48 640 2 default
d 48 736 48 688 2 default
g 48 736 48 752 0 0
R 48 640 48 624 0 0 40 5 0 0 0.5
w 0 688 48 688 0
368 320 640 320 592 0 0
207 752 656 752 624 5 tri
174 752 752 784 672 1 25000 0.35150000000000003 Sine Shape (trim)
g 752 752 752 768 0 0
r 784 704 864 704 0 100000
a 864 720 960 720 8 12 -12 1000000 -0.000006461510932313001 0 100000
g 864 736 864 752 0 0
r 864 656 960 656 0 100000
w 864 656 864 704 0
w 960 656 960 720 0
j 1088 752 1152 752 32 -4 0.00125
r 1152 720 1152 656 0 1000
r 1152 784 1152 848 0 1000
w 1152 768 1152 784 0
r 1152 784 1264 784 0 10000
w 1152 720 1152 736 0
d 1088 752 1088 656 2 1N4148
d 1088 752 1088 848 2 1N4148
r 1024 656 1024 752 0 1000000
r 1024 752 1024 848 0 1000000
w 1024 848 1088 848 0
w 1088 848 1152 848 0
w 1152 656 1088 656 0
w 1088 656 1024 656 0
w 1024 752 1088 752 0
w 1024 656 960 656 0
w 1264 736 1264 784 0
r 1264 736 1360 736 0 220000
g 1264 816 1264 832 0 0
a 1264 800 1360 800 8 12 -12 1000000 0.00006110687318779145 0 100000
w 1360 736 1360 800 0
207 1360 800 1408 800 5 sine
x 1167 752 1194 755 4 12 J201
g 1152 848 1152 880 0 0
o 31 64 0 4099 10 0.000390625 0 1
