$ 1 0.000005 10.20027730826997 50 5 50 5e-11
r -400 736 -320 736 0 40000
a -320 752 -240 752 8 15 -15 1000000 1.24998718763139e-8 0 100000
r -320 688 -240 688 0 1000
w -240 688 -240 752 0
w -320 688 -320 736 0
x -322 638 -242 641 4 12 PT146\sTempco
x -322 652 -268 655 4 12 300K/ppm
g -320 768 -320 784 0 0
t -192 752 -192 832 1 1 -0.0013118452279051974 0.595563474293452 100 default
w -240 752 -192 752 0
t -96 864 -96 832 0 1 0.000010494971818174585 0.5968134614810834 100 default
g -96 864 -96 880 0 0
w -112 832 -144 832 0
w -176 832 -144 832 0
c -240 832 -240 896 0 2e-11 6.18586588542101 0.001 0
g -352 912 -352 928 0 0
a -352 896 -272 896 8 15 -15 1000000 0.00006185804027380736 0 100000
w -272 896 -240 896 0
w -240 832 -208 832 0
w -240 832 -352 832 0
w -352 832 -352 880 0
r -352 880 -432 880 0 10000
R -432 880 -448 880 0 0 40 10 0 0 0.5
r -240 896 -144 896 0 2700
w -144 832 -144 896 0
a -48 896 32 896 8 15 -15 1000000 -0.000010494971818174585 0 100000
g -48 912 -48 928 0 0
r -48 832 32 832 0 1000
w 32 832 32 896 0
w -48 832 -48 880 0
w -48 832 -80 832 0
368 32 896 80 896 0 0
172 -400 736 -432 736 0 7 0.05 5 0 0 0.5 Vin (antilog)
x -455 717 -438 720 4 12 Vin
x 72 868 96 871 4 12 Vout
x -267 574 -94 577 4 24 Antilog\sAmplifier
x -135 621 -68 624 4 12 Vout\s\q\se^Vin
x -136 638 -79 641 4 12 0\s<\sVin\s<\s1
a -416 192 -320 192 8 15 -15 1000000 -0.0000016263879182846535 0 100000
r -416 176 -496 176 0 100000
172 -496 176 -528 176 0 7 0.2 10 0 0 0.5 Vin (log)
g -416 208 -416 224 0 0
c -320 192 -320 80 0 3e-10 0.16264041821638364 0.001 0
w -320 80 -416 80 0
w -416 80 -416 176 0
t -224 96 -224 80 1 1 0.0000016263879182846535 0.43482300183912326 100 default
g -224 96 -224 112 0 0
w -240 80 -320 80 0
w -208 80 -176 80 0
w -176 80 -112 80 0
w -176 80 -176 144 0
t -96 192 -96 80 0 1 0.04162330440962058 0.47645089687900705 100 default
r -176 144 -112 144 0 2000
c -48 80 -48 144 0 2e-11 0.4590676169500875 0.001 0
w -48 80 -80 80 0
w -48 144 -112 144 0
a 96 144 16 144 8 15 -15 1000000 0.000004590630263198243 0 100000
g 96 160 96 176 0 0
w 16 144 -48 144 0
w -48 80 96 80 0
w 96 80 96 128 0
r 96 128 160 128 0 1000000
R 160 128 176 128 0 0 40 10 0 0 0.5
r -320 192 -96 192 0 2900
r -96 192 -96 272 0 1000
g -96 272 -96 288 0 0
w -320 192 -320 368 0
368 -144 384 -112 384 0 0
g -240 400 -240 416 0 0
a -240 384 -144 384 8 15 -15 1000000 0.000016262090352907716 0 100000
r -320 368 -240 368 0 10000
r -240 320 -144 320 0 100000
w -240 320 -240 368 0
w -144 320 -144 384 0
x -55 242 -1 245 4 12 300K/ppm
x -55 228 25 231 4 12 PT146\sTempco
x -124 -25 -60 -22 4 12 0\s<\sVin\s<\s10
x -123 -42 -51 -39 4 12 Vout\s\q\sln(Vin)
x -356 -40 -216 -37 4 24 Log\sAmplifier
x -357 12 -76 15 4 12 *Theoretically,\s2.9k\sresistor\sshould\shave\sbeen\s1.026k
