$ 1 0.000005 382.76258214399064 1 5 50 5e-11
a 48 416 144 416 9 9 -9 1000000 0 0.9042926575197896 100000
r 48 352 144 352 0 100000
w 144 352 144 416 0
w 48 352 48 400 0
g 48 432 48 448 0 0
r 144 416 256 416 0 56000
174 256 416 384 416 1 500000 0.6584000000000001 Frequency
w 320 400 320 368 0
w 320 368 384 368 0
w 384 368 384 416 0
a 432 432 544 432 8 9 -9 1000000 0.000013465010364849135 0 100000
w 432 416 384 416 0
g 432 448 432 464 0 0
c 432 368 544 368 0 8.2e-8 1.3465145014952784 0.001
w 432 368 432 416 0
w 544 368 544 432 0
r 384 256 48 256 0 18000
w 48 256 48 352 0
w 544 256 544 368 0
174 384 256 544 256 1 20000 0.49010000000000004 Gain Trim
w 464 240 464 208 0
w 464 208 544 208 0
w 544 208 544 256 0
r 544 48 688 48 0 10000
a 688 64 800 64 8 9 -9 1000000 -0.000013464741070027728 0 100000
g 688 80 688 96 0 0
r 688 -16 800 -16 0 10000
w 800 -16 800 64 0
w 688 -16 688 48 0
w 544 208 544 48 0
c 800 64 912 64 0 0.000001 -2.4572250865807215 0.001
r 912 64 912 160 0 560000
g 912 160 912 176 0 0
g 992 96 992 112 0 0
a 992 80 1104 80 8 9 -9 1000000 3.8036991935834945 0 100000
w 992 64 912 64 0
d 1104 80 1168 80 2 1N4148
w 992 64 992 16 0
w 992 16 1168 16 0
w 1168 16 1168 80 0
a 1248 64 1360 64 8 9 -9 1000000 3.803661156971925 3.8036991935834945 100000
w 1248 80 1168 80 0
w 1248 48 1248 0 0
w 1248 0 1360 0 0
w 1360 0 1360 64 0
207 1360 64 1424 64 5 triangle
207 1104 432 1168 432 5 inverted\striangle
w 1104 368 1104 432 0
w 992 368 1104 368 0
w 992 416 992 368 0
w 992 448 912 448 0
a 992 432 1104 432 8 9 -9 1000000 1.0078087560272868 1.007818834114847 100000
w 912 384 912 448 0
w 736 384 912 384 0
w 736 432 736 384 0
d 848 448 912 448 2 1N4148
w 736 432 656 432 0
a 736 448 848 448 8 9 -9 1000000 1.007818834114847 0 100000
g 736 464 736 480 0 0
g 656 528 656 544 0 0
r 656 432 656 528 0 560000
c 544 432 656 432 0 0.000001 -2.3543198705997606 0.001
w 144 416 144 592 0
r 144 592 144 704 0 470000
r 144 704 144 816 0 180000
g 144 816 144 832 0 0
g 464 736 464 752 0 0
a 464 720 576 720 8 9 -9 1000000 4.13703239414236 0 100000
w 336 704 144 704 0
d 576 720 640 720 2 1N4148
w 464 704 464 656 0
w 464 656 640 656 0
w 640 656 640 720 0
a 720 704 832 704 8 9 -9 1000000 4.136991024232118 4.13703239414236 100000
w 720 720 640 720 0
w 720 688 720 640 0
w 720 640 832 640 0
w 832 640 832 704 0
207 1056 720 1120 720 4 clock
c 336 704 464 704 0 0.000001 -1.6452660918848432 0.001
x 1026 -9 1116 -6 4 24 Clamper
207 752 880 704 880 5 triangle
154 944 720 1056 720 0 2 0 5
w 832 704 944 704 0
w 944 896 944 736 0
w 832 896 944 896 0
a 752 896 832 896 9 5 0 1000000 2.5 3.803661156971925 100000
w 752 912 608 912 0
r 608 912 608 832 0 100000
r 608 912 608 992 0 100000
g 608 992 608 1008 0 0
R 608 832 608 800 0 0 40 5 0 0 0.5
w 944 704 944 640 0
w 944 640 976 640 0
207 976 640 1040 640 4 sync
x 950 624 1066 627 4 24 (half\sclock)
o 46 16 0 4099 5 0.00009765625 0 4 45 0 78 0 94 0
