$ 1 0.000005 2.3728258192205156 1 5 50 5e-11
a -64 448 32 448 9 9 -9 1000000 0 2.886027383617318 100000
r -64 384 32 384 0 100000
w 32 384 32 448 0
w -64 384 -64 432 0
g -64 464 -64 480 0 0
r 112 432 224 432 0 680000
174 -768 224 -736 144 1 20000 0.5198 Frequency
a 432 432 544 432 8 9 -9 1000000 -0.000012321197263061703 0 100000
g 432 448 432 464 0 0
c 432 368 544 368 0 8.2e-8 -1.2321320475034334 0.001
w 432 368 432 416 0
w 544 368 544 432 0
r 384 256 128 256 0 22000
w -64 256 -64 384 0
w 544 256 544 368 0
174 384 256 544 256 1 20000 0.2525 Gain Trim
w 464 240 464 208 0
w 464 208 544 208 0
w 544 208 544 256 0
r 544 48 688 48 0 10000
a 688 64 800 64 8 9 -9 1000000 0.000012320950844044831 0 100000
g 688 80 688 96 0 0
r 688 -16 800 -16 0 10000
w 800 -16 800 64 0
w 688 -16 688 48 0
w 544 208 544 48 0
c 800 64 912 64 0 0.000001 -2.4385009391844656 0.001
r 912 64 912 160 0 560000
g 912 160 912 176 0 0
g 992 96 992 112 0 0
a 992 80 1104 80 8 9 -9 1000000 1.2064058547799823 0 100000
w 992 64 912 64 0
d 1104 80 1168 80 2 1N4148
w 992 64 992 16 0
w 992 16 1168 16 0
w 1168 16 1168 80 0
a 1248 64 1360 64 8 9 -9 1000000 1.2063937908420739 1.2064058547799823 100000
w 1248 80 1168 80 0
w 1248 48 1248 0 0
w 1248 0 1360 0 0
w 1360 0 1360 64 0
207 1360 64 1424 64 5 triangle
207 1104 432 1168 432 5 inverted\striangle
w 1104 368 1104 432 0
w 992 368 1104 368 0
w 992 416 992 368 0
w 992 448 912 448 0
a 992 432 1104 432 8 9 -9 1000000 3.6464707092614437 3.646507173968536 100000
w 912 384 912 448 0
w 736 384 912 384 0
w 736 432 736 384 0
d 848 448 912 448 2 1N4148
w 736 432 656 432 0
a 736 448 848 448 8 9 -9 1000000 3.646507173968536 0 100000
g 736 464 736 480 0 0
g 656 528 656 544 0 0
r 656 432 656 528 0 560000
c 544 432 656 432 0 0.000001 -2.414387447662366 0.001
w 32 448 32 608 0
r 32 608 32 720 0 470000
r 32 720 32 832 0 180000
g 32 832 32 848 0 0
g 464 752 464 768 0 0
a 464 736 576 736 8 9 -9 1000000 5.127767441671662 0 100000
w 224 720 32 720 0
d 576 736 640 736 2 1N4148
w 464 720 464 672 0
w 464 672 640 672 0
w 640 672 640 736 0
a 720 720 832 720 8 9 -9 1000000 5.1277161645100175 5.127767441671662 100000
w 720 736 640 736 0
w 720 704 720 656 0
w 720 656 832 656 0
w 832 656 832 720 0
207 1056 736 1120 736 4 clock
c 224 720 464 720 0 0.000001 -2.635946260588273 0.001
x 1026 -9 1116 -6 4 24 Clamper
207 752 896 704 896 5 triangle
154 944 736 1056 736 0 2 5 5
w 832 720 944 720 0
w 944 912 944 752 0
w 832 912 944 912 0
a 752 912 832 912 9 5 0 1000000 2.5 1.2063937908420739 100000
w 752 928 608 928 0
r 608 928 608 848 0 100000
r 608 928 608 1008 0 100000
g 608 1008 608 1024 0 0
R 608 848 608 816 0 0 40 5 0 0 0.5
w 944 720 944 656 0
w 944 656 976 656 0
x 950 640 1066 643 4 24 (half\sclock)
I -624 800 -544 800 0 0.5 5
S -480 816 -544 816 0 1 false 0 2
w -624 800 -624 832 0
w -624 832 -544 832 0
r -288 832 -208 832 0 4700
c -208 832 -208 880 0 0.0000047 4.999999996980788 0.001
g -208 880 -208 896 0 0
154 -416 832 -288 832 0 2 5 5
M -208 832 -128 832 0 2.5
207 -624 800 -672 800 4 HCLK
w -480 816 -416 816 0
207 -416 848 -464 848 4 HCLK
207 976 656 1024 656 4 HCLK
x -562 717 -321 720 4 24 Ramp\sSync\sCorrection
x -632 887 -424 890 4 12 First\sHCLK\sinstance\sis\sLSB\sof\scounter.
x -633 905 -324 908 4 12 If\sphase\sis\sinverted\sfrom\sHCLK,\sXOR\soutput\swill\sbe\sHIGH.
x -633 921 -352 924 4 12 (swaps\striangle\sand\sinverted\striangle\ssignal\srouting)
f 32 448 112 448 32 1.5 0.02
r 112 432 112 320 0 5100
w 112 464 112 544 0
w 112 544 -384 544 0
w 112 320 112 208 0
w 112 208 -160 208 0
w -64 256 128 256 0
a -272 208 -160 208 8 9 -9 1000000 -0.000053554027843733804 0 100000
r -272 112 -160 112 0 100000
r -384 192 -272 192 0 100000
g -272 224 -272 240 0 0
w -272 112 -272 192 0
w -160 112 -160 208 0
w -384 96 -384 192 0
w -496 96 -496 176 0
g -496 208 -496 224 0 0
r -688 176 -576 176 0 100000
r -496 96 -384 96 0 180000
a -496 192 -384 192 8 9 -9 1000000 0.00005355509892429049 0 100000
w -384 192 -384 544 0
w -736 176 -688 176 0
g -768 224 -768 240 0 0
R -768 128 -768 112 0 0 40 5 0 0 0.5
r -688 320 -576 320 0 1000000
r -688 48 -576 48 0 100000
w -576 48 -576 176 0
w -576 176 -496 176 0
w -576 320 -576 176 0
R -688 320 -704 320 0 0 40 5 0 0 0.5
172 -688 48 -736 48 0 7 0 5 0 0 0.5 CV
a 224 448 336 448 8 9 -9 1000000 -0.00005347207882921021 0 100000
r 224 368 336 368 0 680000
w 224 368 224 432 0
368 -384 96 -384 32 0 0
368 -160 112 -160 48 0 0
r 336 416 432 416 0 56000
w 336 416 336 448 0
w 336 416 336 368 0
g 224 464 224 480 0 0
x -665 350 -634 353 4 16 Bias
x -835 182 -789 185 4 12 Freq\sPot
x -713 19 -669 22 4 12 Freq\sCV
x 435 281 488 284 4 12 Gain\sTrim
o 42 4 0 4099 10 0.00009765625 0 4 41 0 74 0 103 0
